-0.00008085794
-0.00012207776
-0.00013268266
-0.00005347311
0.00020138081
0.00071708637
0.0015672871
0.0027805783
0.004315109
0.0060324469
0.007690878
0.008956704
0.0094446279
0.008780837
0.006686657
0.0030663132
-0.0019155834
-0.0077878237
-0.013771963
-0.018838925
-0.021822302
-0.021578809
-0.01717356
-0.008061783
0.005766076
0.02370481
0.044542115
0.06656034
0.087724298
0.10593031
0.11928082
0.12634173
0.12634173
0.11928082
0.10593031
0.087724298
0.06656034
0.044542115
0.02370481
0.005766076
-0.008061783
-0.01717356
-0.021578809
-0.021822302
-0.018838925
-0.013771963
-0.0077878237
-0.0019155834
0.0030663132
0.006686657
0.008780837
0.0094446279
0.008956704
0.007690878
0.0060324469
0.004315109
0.0027805783
0.0015672871
0.00071708637
0.00020138081
-0.00005347311
-0.00013268266
-0.00012207776
-0.00008085794
