0.0013528881312334096
0.0025164746287711006
0.003846557171396192
0.00441826764751132
0.003298045202541436
-0.0002465659109513398
-0.006297196277822389
-0.013894366213220478
-0.02091135789040538
-0.024325088630897634
-0.02089207716688732
-0.008104969471573568
0.01484660230199768
0.04643502987620077
0.08273442784648702
0.11805476754866932
0.14615653447500576
0.16173097303483822
0.16173097303483822
0.14615653447500576
0.11805476754866932
0.08273442784648702
0.04643502987620077
0.01484660230199768
-0.008104969471573568
-0.02089207716688732
-0.024325088630897634
-0.02091135789040538
-0.013894366213220478
-0.006297196277822389
-0.0002465659109513398
0.003298045202541436
0.00441826764751132
0.003846557171396192
0.0025164746287711006
0.0013528881312334096
