0.001429343314063972
0.005727348736327211
0.006704063421511147
-2.0995098755082018e-05
-0.00899452847133109
-0.005984051713877271
0.009584499985181452
0.01565696080824135
-0.003912011380702769
-0.02617170368135114
-0.011459598962179903
0.032205663753710624
0.03922319279248384
-0.02522811150876137
-0.08497493154723185
-0.015549221510855131
0.19418526593484753
0.386668923111739
0.386668923111739
0.19418526593484753
-0.015549221510855131
-0.08497493154723185
-0.02522811150876137
0.03922319279248384
0.032205663753710624
-0.011459598962179903
-0.02617170368135114
-0.003912011380702769
0.01565696080824135
0.009584499985181452
-0.005984051713877271
-0.00899452847133109
-2.0995098755082018e-05
0.006704063421511147
0.005727348736327211
0.001429343314063972
