0.00017236303126391616
0.0003647255112761135
0.000623331071227137
0.00092560055900733
0.001229317195960158
0.0014731485811840235
0.0015806907586853546
0.0014682995804590573
0.0010564292725413844
0.000283595044564056
-0.0008784992471549528
-0.0024105834280514953
-0.0042343581384799815
-0.006206088680515137
-0.00811706806865349
-0.009702133173977777
-0.010656541742716647
-0.01066048722474521
-0.00940946695690215
-0.0066477677875980455
-0.002201629754568213
0.003991691180864702
0.011862640284212921
0.021198977931194924
0.031648420544884696
0.04273512397650341
0.05388932601803977
0.06448795842685719
0.07390271044438661
0.08155104583839393
0.08694517642396504
0.08973405252789063
0.08973405252789064
0.08694517642396521
0.08155104583839416
0.0739027104443869
0.06448795842685752
0.053889326018040085
0.04273512397650369
0.031648420544884925
0.02119897793119508
0.011862640284213011
0.003991691180864733
-0.0022016297545682313
-0.006647767787598104
-0.009409466956902236
-0.010660487224745314
-0.010656541742716753
-0.009702133173977877
-0.008117068068653577
-0.006206088680515205
-0.00423435813848003
-0.0024105834280515235
-0.0008784992471549633
0.0002835950445640595
0.0010564292725413979
0.0014682995804590768
0.0015806907586853759
0.001473148581184043
0.001229317195960174
0.0009256005590073417
0.000623331071227145
0.00036472551127611806
0.00017236303126391835
